317
341
603
160
130
468
1010
169
39
197
25
2664
143
174
208
2996
567
329
89
420
227
229
185
575
474
1626
179
187
178
51
221
47
56
443
210
29
1275
377
967
226
1421
220
312
122
1834
217
530
526
252
286
167
57
187
32
29
238
52
8
1
92
169
556
479
4
598
1273
267
250
185
0
12
44
166
47
268
173
212
1204
223
940
964
9
1483
64
217
1
1
192
10
37
189
254
0
103
1067
153
178
169
28
251
19
83
235
151
98
709
207
221
509
918
31
14
278
305
183
268
121
29
181
251
963
4
183
1955
170
941
624
29
4702
182
1320
213
194
131
16
82
0
237
556
128
1407
3450
726
767
1277
328
217
1363
220
827
159
254
424
170
71
69
204
1298
167
124
1196
245
245
2998
137
182
966
2200
187
319
998
263
163
217
236
20
241
188
980
929
206
721
97
184
285
1020
854
220
134
186
222
53
153
247
499
246
204
29
199
195
1446
198
212
23
1348
1299
86
248
164
158
178
69
124
63
159
3747
755
612
47
425
188
247
693
221
2008
0
953
1054
7
743
23
568
213
199
215
198
29
210
166
0
100
143
625
83
76
235
382
0
29
29
1236
250
216
41
1269
0
171
642
47
443
29
80
179
880
201
948
694
214
57
326
173
457
14
190
188
306
1139
277
624
12
212
100
0
49
210
47
241
1929
410
18
136
207
0
595
580
1674
908
29
564
82
159
245
302
131
1171
162
0
1096
0
51
214
174
321
381
2556
1020
65
4090
203
173
204
567
177
338
632
192
703
193
231
146
133
79
223
540
0
180
91
5
361
329
158
1691
151
149
171
178
200
237
206
943
29
179
1250
1029
223
19
97
160
1700
125
143
37
115
14
1297
191
0
203
1303
410
150
322
139
174
1084
61
1296
234
29
171
83
28
73
1
1
275
98
95
428
1388
166
215
261
156
10
1684
150
210
64
58
538
1018
3006
185
16
156
68
190
480
322
140
168
1144
49
47
237
49
120
219
202
487
180
186
799
200
128
290
162
164
215
1276
35
269
328
6
161
97
213
1070
159
192
1832
2814
231
3481
48
6
2324
604
1010
47
377
193
209
527
738
247
169
154
277
0
1225
199
1634
87
169
1236
2102
25
213
29
98
1339
153
29
159
2535
161
399
217
1831
6
638
468
729
183
157
68
2485
199
1001
189
26
446
138
